diamond 4 2019071708-1714_EC_500hpaÎÂ¶È(unit:oC)Ô¤±¨
2019 07 17 08 6 500 
0.250000 -0.250000 90.000000 115.000000 50.000000 30.000000 101 81 1.000000 -100.000000 88.000000 1.000000 0.000000
-10.58	-10.73	-10.84	-10.80	-10.89	-11.14	-11.14	-10.94	-10.86	-10.81	-10.59	-10.40	-10.40	-10.44	-10.42	-10.40	-10.39	-10.44	-10.55	-10.60	-10.64	-10.77	-10.89	-10.82	-10.64	-10.47	-10.29	-10.15	-10.16	-10.23	-10.25	-10.30	-10.37	-10.31	-10.11	-9.96	-9.89	-9.82	-9.68	-9.55	-9.46	-9.39	-9.36	-9.36	-9.30	-9.14	-9.02	-8.99	-9.01	-9.04	-9.08	-9.10	-9.05	-8.91	-8.77	-8.69	-8.60	-8.42	-8.21	-8.13	-8.08	-7.95	-7.82	-7.74	-7.67	-7.63	-7.72	-7.83	-7.82	-7.79	-7.89	-7.97	-7.95	-7.88	-7.81	-7.69	-7.61	-7.64	-7.67	-7.67	-7.68	-7.74	-7.78	-7.84	-7.97	-8.17	-8.38	-8.49	-8.44	-8.33	-8.28	-8.24	-8.19	-8.25	-8.39	-8.43	-8.38	-8.28	-8.18	-8.21	-8.32	
-10.35	-10.57	-10.86	-10.83	-10.68	-10.77	-10.82	-10.59	-10.40	-10.41	-10.34	-10.14	-10.10	-10.19	-10.22	-10.19	-10.21	-10.25	-10.30	-10.36	-10.43	-10.49	-10.51	-10.45	-10.35	-10.23	-10.15	-10.14	-10.18	-10.15	-10.07	-10.08	-10.20	-10.23	-10.10	-9.97	-9.90	-9.83	-9.71	-9.54	-9.40	-9.32	-9.32	-9.30	-9.18	-9.01	-8.90	-8.89	-8.92	-8.94	-8.95	-8.94	-8.88	-8.77	-8.64	-8.52	-8.36	-8.17	-8.10	-8.21	-8.28	-8.15	-7.99	-7.94	-7.85	-7.69	-7.61	-7.64	-7.67	-7.70	-7.75	-7.77	-7.78	-7.85	-7.85	-7.71	-7.58	-7.54	-7.48	-7.38	-7.39	-7.52	-7.65	-7.74	-7.86	-8.07	-8.33	-8.44	-8.39	-8.38	-8.42	-8.28	-8.08	-8.11	-8.27	-8.33	-8.32	-8.28	-8.14	-8.05	-8.15	
-10.18	-10.27	-10.60	-10.81	-10.66	-10.48	-10.44	-10.34	-10.17	-10.17	-10.19	-10.07	-9.99	-10.05	-10.11	-10.10	-10.10	-10.10	-10.10	-10.14	-10.21	-10.17	-10.08	-10.07	-10.11	-10.14	-10.14	-10.14	-10.17	-10.19	-10.17	-10.16	-10.20	-10.19	-10.10	-10.03	-9.99	-9.89	-9.71	-9.50	-9.34	-9.28	-9.29	-9.24	-9.11	-8.96	-8.84	-8.79	-8.80	-8.79	-8.74	-8.68	-8.64	-8.56	-8.48	-8.39	-8.20	-7.98	-7.97	-8.16	-8.28	-8.18	-8.06	-8.04	-8.00	-7.83	-7.67	-7.58	-7.56	-7.56	-7.57	-7.54	-7.51	-7.53	-7.52	-7.46	-7.48	-7.47	-7.32	-7.21	-7.37	-7.59	-7.73	-7.88	-8.07	-8.27	-8.43	-8.46	-8.34	-8.29	-8.35	-8.27	-8.03	-7.99	-8.19	-8.32	-8.28	-8.17	-8.07	-8.03	-8.05	
-10.21	-10.10	-10.13	-10.35	-10.46	-10.36	-10.24	-10.15	-10.04	-10.02	-10.07	-10.03	-9.96	-9.99	-10.04	-10.04	-10.05	-10.03	-9.96	-9.91	-9.89	-9.85	-9.83	-9.87	-9.96	-10.10	-10.20	-10.14	-10.09	-10.18	-10.27	-10.23	-10.21	-10.21	-10.16	-10.03	-9.90	-9.78	-9.62	-9.46	-9.38	-9.35	-9.30	-9.19	-9.07	-8.97	-8.89	-8.80	-8.74	-8.67	-8.57	-8.45	-8.35	-8.24	-8.17	-8.13	-8.03	-7.87	-7.78	-7.83	-7.92	-7.93	-7.90	-7.89	-7.88	-7.79	-7.70	-7.62	-7.53	-7.48	-7.51	-7.51	-7.42	-7.32	-7.24	-7.24	-7.39	-7.45	-7.32	-7.31	-7.53	-7.69	-7.74	-7.99	-8.32	-8.46	-8.49	-8.49	-8.36	-8.21	-8.28	-8.35	-8.21	-8.03	-8.05	-8.14	-8.09	-7.99	-8.01	-8.06	-7.99	
-10.06	-10.02	-9.86	-9.86	-10.03	-10.07	-9.92	-9.80	-9.78	-9.82	-9.84	-9.78	-9.72	-9.79	-9.89	-9.93	-9.98	-9.98	-9.91	-9.83	-9.75	-9.66	-9.67	-9.79	-9.94	-10.10	-10.21	-10.11	-10.02	-10.11	-10.22	-10.17	-10.08	-10.05	-10.01	-9.92	-9.79	-9.66	-9.58	-9.56	-9.53	-9.43	-9.29	-9.14	-9.03	-8.98	-8.93	-8.83	-8.73	-8.64	-8.53	-8.37	-8.19	-8.02	-7.90	-7.84	-7.80	-7.74	-7.64	-7.57	-7.56	-7.58	-7.57	-7.57	-7.60	-7.63	-7.62	-7.55	-7.41	-7.31	-7.32	-7.32	-7.24	-7.17	-7.17	-7.26	-7.46	-7.51	-7.32	-7.23	-7.39	-7.52	-7.61	-7.96	-8.34	-8.45	-8.46	-8.53	-8.44	-8.21	-8.15	-8.24	-8.23	-8.07	-7.98	-8.00	-7.98	-7.92	-7.96	-8.02	-7.94	
-9.70	-9.83	-9.85	-9.74	-9.68	-9.64	-9.53	-9.49	-9.53	-9.57	-9.55	-9.49	-9.46	-9.49	-9.59	-9.71	-9.82	-9.83	-9.76	-9.71	-9.68	-9.65	-9.69	-9.82	-9.98	-10.12	-10.19	-10.14	-10.05	-9.99	-9.96	-9.96	-9.98	-9.89	-9.78	-9.76	-9.77	-9.69	-9.61	-9.60	-9.56	-9.42	-9.27	-9.14	-9.06	-9.04	-9.02	-8.89	-8.74	-8.63	-8.50	-8.32	-8.14	-7.96	-7.80	-7.69	-7.62	-7.56	-7.49	-7.46	-7.46	-7.47	-7.45	-7.40	-7.41	-7.46	-7.50	-7.51	-7.47	-7.38	-7.26	-7.20	-7.19	-7.20	-7.21	-7.33	-7.52	-7.43	-7.05	-6.87	-7.07	-7.27	-7.44	-7.82	-8.21	-8.35	-8.46	-8.60	-8.55	-8.30	-8.15	-8.16	-8.14	-8.00	-7.89	-7.91	-7.92	-7.87	-7.82	-7.83	-7.81	
-9.64	-9.67	-9.73	-9.67	-9.57	-9.42	-9.32	-9.39	-9.53	-9.57	-9.53	-9.52	-9.47	-9.42	-9.48	-9.61	-9.69	-9.65	-9.57	-9.57	-9.61	-9.71	-9.84	-9.93	-9.99	-10.04	-10.09	-10.11	-10.10	-9.97	-9.78	-9.75	-9.85	-9.82	-9.66	-9.60	-9.65	-9.66	-9.62	-9.59	-9.53	-9.46	-9.39	-9.28	-9.18	-9.14	-9.09	-8.92	-8.69	-8.53	-8.38	-8.21	-8.07	-7.92	-7.77	-7.65	-7.56	-7.44	-7.37	-7.38	-7.39	-7.42	-7.46	-7.46	-7.46	-7.50	-7.52	-7.57	-7.66	-7.60	-7.39	-7.25	-7.28	-7.31	-7.29	-7.40	-7.52	-7.23	-6.70	-6.57	-6.89	-7.15	-7.33	-7.71	-8.10	-8.28	-8.42	-8.56	-8.49	-8.32	-8.28	-8.26	-8.13	-7.89	-7.74	-7.74	-7.81	-7.80	-7.72	-7.67	-7.64	
-9.75	-9.71	-9.69	-9.67	-9.53	-9.26	-9.14	-9.37	-9.68	-9.79	-9.71	-9.58	-9.46	-9.42	-9.48	-9.54	-9.52	-9.43	-9.43	-9.53	-9.64	-9.74	-9.88	-9.93	-9.92	-9.96	-10.01	-10.00	-9.99	-9.98	-9.86	-9.71	-9.63	-9.60	-9.52	-9.44	-9.42	-9.46	-9.53	-9.61	-9.64	-9.63	-9.60	-9.51	-9.36	-9.22	-9.07	-8.82	-8.57	-8.42	-8.28	-8.10	-7.96	-7.85	-7.72	-7.61	-7.51	-7.38	-7.28	-7.25	-7.24	-7.28	-7.34	-7.39	-7.46	-7.53	-7.53	-7.54	-7.60	-7.59	-7.44	-7.34	-7.34	-7.32	-7.34	-7.47	-7.49	-7.06	-6.52	-6.53	-6.98	-7.27	-7.39	-7.67	-7.99	-8.16	-8.25	-8.31	-8.30	-8.35	-8.42	-8.32	-8.02	-7.71	-7.51	-7.45	-7.53	-7.67	-7.72	-7.64	-7.52	
-9.59	-9.56	-9.64	-9.74	-9.57	-9.27	-9.26	-9.49	-9.64	-9.71	-9.71	-9.55	-9.37	-9.37	-9.43	-9.41	-9.39	-9.39	-9.43	-9.57	-9.71	-9.77	-9.83	-9.88	-9.87	-9.89	-9.95	-9.94	-9.93	-9.96	-9.92	-9.74	-9.59	-9.47	-9.33	-9.19	-9.16	-9.25	-9.44	-9.69	-9.85	-9.83	-9.76	-9.69	-9.54	-9.32	-9.07	-8.82	-8.59	-8.42	-8.25	-8.03	-7.89	-7.83	-7.77	-7.67	-7.53	-7.38	-7.22	-7.14	-7.15	-7.18	-7.20	-7.23	-7.29	-7.33	-7.34	-7.34	-7.31	-7.27	-7.32	-7.44	-7.50	-7.49	-7.50	-7.64	-7.69	-7.31	-6.75	-6.72	-7.17	-7.46	-7.50	-7.67	-7.96	-8.14	-8.14	-8.10	-8.18	-8.40	-8.49	-8.29	-7.95	-7.60	-7.32	-7.24	-7.44	-7.65	-7.60	-7.39	-7.27	
-9.50	-9.39	-9.46	-9.68	-9.64	-9.41	-9.45	-9.56	-9.46	-9.50	-9.71	-9.67	-9.44	-9.42	-9.45	-9.33	-9.28	-9.35	-9.46	-9.60	-9.73	-9.74	-9.72	-9.78	-9.85	-9.91	-9.93	-9.88	-9.84	-9.85	-9.81	-9.71	-9.60	-9.41	-9.14	-9.03	-9.14	-9.25	-9.36	-9.60	-9.78	-9.74	-9.65	-9.64	-9.58	-9.40	-9.17	-8.94	-8.71	-8.51	-8.28	-8.07	-7.95	-7.84	-7.74	-7.69	-7.61	-7.46	-7.28	-7.16	-7.15	-7.17	-7.14	-7.17	-7.22	-7.19	-7.17	-7.18	-7.07	-6.99	-7.17	-7.39	-7.47	-7.49	-7.53	-7.67	-7.87	-7.64	-7.05	-6.97	-7.45	-7.67	-7.55	-7.61	-7.89	-8.10	-8.14	-8.08	-8.09	-8.18	-8.17	-8.02	-7.78	-7.42	-7.04	-7.01	-7.34	-7.52	-7.28	-6.96	-6.92	
-9.49	-9.35	-9.27	-9.50	-9.60	-9.37	-9.30	-9.46	-9.48	-9.49	-9.72	-9.85	-9.67	-9.47	-9.42	-9.39	-9.36	-9.40	-9.51	-9.62	-9.64	-9.60	-9.60	-9.68	-9.78	-9.85	-9.83	-9.73	-9.64	-9.66	-9.64	-9.53	-9.39	-9.28	-9.21	-9.29	-9.44	-9.42	-9.36	-9.45	-9.50	-9.36	-9.22	-9.20	-9.20	-9.14	-8.96	-8.68	-8.46	-8.25	-8.05	-7.92	-7.78	-7.57	-7.46	-7.49	-7.46	-7.36	-7.24	-7.07	-7.00	-7.07	-7.09	-7.10	-7.15	-7.13	-7.08	-7.09	-7.02	-7.03	-7.28	-7.42	-7.35	-7.37	-7.46	-7.57	-7.66	-7.38	-6.90	-7.04	-7.64	-7.81	-7.57	-7.55	-7.74	-7.95	-8.07	-7.99	-7.82	-7.74	-7.67	-7.58	-7.46	-7.21	-6.94	-6.97	-7.27	-7.42	-7.24	-6.98	-6.90	
-9.39	-9.33	-9.14	-9.21	-9.42	-9.34	-9.16	-9.35	-9.64	-9.67	-9.71	-9.92	-9.89	-9.57	-9.42	-9.52	-9.56	-9.50	-9.53	-9.60	-9.52	-9.42	-9.52	-9.69	-9.73	-9.68	-9.67	-9.63	-9.53	-9.47	-9.42	-9.29	-9.22	-9.35	-9.53	-9.61	-9.61	-9.53	-9.48	-9.45	-9.31	-9.07	-8.91	-8.79	-8.70	-8.64	-8.46	-8.20	-8.03	-7.90	-7.74	-7.68	-7.58	-7.33	-7.27	-7.38	-7.35	-7.28	-7.22	-7.01	-6.88	-6.96	-6.92	-6.86	-6.99	-7.03	-6.92	-6.92	-6.95	-7.05	-7.33	-7.46	-7.35	-7.35	-7.42	-7.33	-7.18	-6.93	-6.77	-7.09	-7.56	-7.64	-7.54	-7.57	-7.67	-7.85	-7.96	-7.78	-7.53	-7.46	-7.42	-7.34	-7.32	-7.17	-6.96	-7.03	-7.28	-7.32	-7.16	-6.99	-6.93	
-9.25	-9.28	-9.13	-9.05	-9.28	-9.42	-9.19	-9.12	-9.49	-9.74	-9.71	-9.83	-9.99	-9.84	-9.60	-9.53	-9.53	-9.52	-9.53	-9.52	-9.44	-9.40	-9.53	-9.69	-9.72	-9.66	-9.61	-9.57	-9.44	-9.38	-9.38	-9.35	-9.37	-9.53	-9.64	-9.55	-9.41	-9.35	-9.32	-9.22	-9.03	-8.82	-8.70	-8.52	-8.25	-8.07	-7.95	-7.85	-7.84	-7.78	-7.64	-7.65	-7.62	-7.40	-7.31	-7.35	-7.28	-7.27	-7.30	-7.12	-6.93	-6.89	-6.73	-6.64	-6.81	-6.82	-6.69	-6.78	-6.91	-6.99	-7.30	-7.55	-7.51	-7.43	-7.30	-6.93	-6.60	-6.58	-6.81	-7.14	-7.34	-7.36	-7.39	-7.46	-7.55	-7.73	-7.78	-7.57	-7.43	-7.42	-7.26	-7.16	-7.21	-7.04	-6.74	-6.82	-7.10	-7.09	-6.89	-6.87	-6.90	
-9.23	-9.24	-9.21	-9.06	-9.14	-9.41	-9.29	-8.99	-9.16	-9.54	-9.65	-9.69	-9.85	-9.92	-9.76	-9.57	-9.53	-9.58	-9.52	-9.37	-9.35	-9.45	-9.50	-9.54	-9.59	-9.60	-9.53	-9.42	-9.35	-9.35	-9.39	-9.47	-9.57	-9.62	-9.50	-9.28	-9.14	-9.01	-8.82	-8.63	-8.47	-8.29	-8.16	-8.04	-7.84	-7.67	-7.67	-7.76	-7.85	-7.81	-7.67	-7.58	-7.53	-7.46	-7.46	-7.46	-7.37	-7.35	-7.33	-7.14	-6.90	-6.75	-6.64	-6.71	-6.82	-6.71	-6.66	-6.89	-7.00	-7.04	-7.38	-7.67	-7.58	-7.38	-7.10	-6.63	-6.35	-6.54	-6.86	-6.99	-6.97	-7.01	-7.15	-7.32	-7.47	-7.55	-7.47	-7.34	-7.35	-7.33	-7.11	-7.01	-7.10	-6.97	-6.74	-6.78	-6.96	-6.87	-6.75	-6.83	-6.86	
-9.31	-9.24	-9.23	-9.14	-9.11	-9.24	-9.21	-8.99	-9.04	-9.35	-9.58	-9.67	-9.73	-9.79	-9.80	-9.72	-9.63	-9.51	-9.34	-9.26	-9.37	-9.46	-9.42	-9.42	-9.48	-9.47	-9.35	-9.30	-9.44	-9.57	-9.60	-9.67	-9.76	-9.68	-9.40	-9.10	-8.89	-8.65	-8.32	-8.08	-7.99	-7.90	-7.85	-7.92	-7.92	-7.78	-7.74	-7.80	-7.82	-7.82	-7.75	-7.60	-7.48	-7.49	-7.54	-7.51	-7.44	-7.39	-7.32	-7.20	-7.04	-6.80	-6.61	-6.65	-6.65	-6.49	-6.56	-6.85	-6.96	-7.06	-7.40	-7.59	-7.39	-7.10	-6.76	-6.39	-6.38	-6.73	-6.92	-6.80	-6.67	-6.78	-7.03	-7.25	-7.33	-7.24	-7.10	-7.10	-7.17	-7.09	-6.93	-6.92	-7.00	-6.97	-6.84	-6.79	-6.84	-6.81	-6.78	-6.85	-6.89	
-9.34	-9.29	-9.28	-9.25	-9.21	-9.16	-9.06	-9.01	-9.07	-9.19	-9.41	-9.66	-9.72	-9.66	-9.67	-9.70	-9.61	-9.41	-9.20	-9.21	-9.39	-9.42	-9.36	-9.42	-9.51	-9.44	-9.28	-9.24	-9.43	-9.69	-9.76	-9.72	-9.64	-9.49	-9.22	-8.85	-8.45	-8.16	-7.92	-7.80	-7.89	-8.01	-8.03	-8.09	-8.10	-7.95	-7.84	-7.82	-7.75	-7.73	-7.78	-7.72	-7.59	-7.57	-7.63	-7.64	-7.65	-7.61	-7.49	-7.44	-7.45	-7.22	-6.87	-6.72	-6.67	-6.57	-6.61	-6.81	-6.94	-7.10	-7.28	-7.21	-6.91	-6.64	-6.41	-6.26	-6.41	-6.72	-6.83	-6.74	-6.75	-6.92	-7.04	-7.03	-6.96	-6.91	-6.92	-6.97	-6.92	-6.75	-6.68	-6.78	-6.90	-6.91	-6.77	-6.66	-6.77	-6.90	-6.86	-6.83	-6.92	
-9.19	-9.30	-9.33	-9.29	-9.26	-9.19	-9.08	-9.10	-9.16	-9.15	-9.27	-9.53	-9.65	-9.61	-9.57	-9.50	-9.42	-9.31	-9.16	-9.21	-9.42	-9.43	-9.36	-9.42	-9.45	-9.39	-9.32	-9.22	-9.22	-9.33	-9.38	-9.31	-9.22	-9.10	-8.85	-8.42	-8.02	-7.90	-7.84	-7.72	-7.80	-7.97	-8.02	-8.07	-8.09	-7.95	-7.85	-7.91	-7.92	-7.90	-7.94	-7.87	-7.71	-7.67	-7.77	-7.91	-8.03	-8.01	-7.82	-7.64	-7.57	-7.41	-7.13	-6.96	-6.92	-6.87	-6.85	-6.89	-6.93	-6.95	-6.87	-6.62	-6.33	-6.22	-6.26	-6.35	-6.46	-6.59	-6.67	-6.67	-6.74	-6.86	-6.80	-6.61	-6.60	-6.76	-6.83	-6.74	-6.58	-6.46	-6.50	-6.64	-6.74	-6.69	-6.57	-6.53	-6.66	-6.79	-6.78	-6.77	-6.90	
-8.99	-9.14	-9.22	-9.22	-9.23	-9.18	-9.07	-9.07	-9.17	-9.17	-9.23	-9.37	-9.46	-9.50	-9.49	-9.32	-9.21	-9.17	-9.09	-9.14	-9.29	-9.28	-9.24	-9.35	-9.35	-9.28	-9.31	-9.28	-9.18	-9.08	-8.98	-8.94	-8.96	-8.80	-8.41	-8.03	-7.89	-7.94	-7.90	-7.76	-7.76	-7.85	-7.91	-8.00	-8.01	-7.86	-7.80	-7.89	-7.99	-8.05	-8.01	-7.86	-7.79	-7.87	-7.95	-7.99	-7.99	-7.95	-7.82	-7.67	-7.54	-7.39	-7.22	-7.14	-7.14	-7.10	-7.01	-6.89	-6.76	-6.64	-6.49	-6.32	-6.21	-6.27	-6.41	-6.49	-6.52	-6.60	-6.64	-6.52	-6.44	-6.46	-6.37	-6.29	-6.46	-6.64	-6.56	-6.35	-6.21	-6.21	-6.36	-6.53	-6.52	-6.37	-6.29	-6.36	-6.49	-6.59	-6.67	-6.78	-6.89	
-8.96	-8.99	-9.02	-9.10	-9.17	-9.11	-9.01	-9.07	-9.19	-9.24	-9.28	-9.35	-9.36	-9.33	-9.28	-9.17	-9.12	-9.09	-8.96	-8.92	-9.03	-9.10	-9.17	-9.24	-9.23	-9.24	-9.33	-9.31	-9.21	-9.10	-8.99	-8.89	-8.79	-8.50	-8.15	-7.98	-7.96	-7.91	-7.80	-7.76	-7.78	-7.79	-7.84	-7.97	-8.03	-7.99	-7.98	-7.92	-7.89	-7.97	-7.96	-7.81	-7.80	-7.94	-7.97	-7.89	-7.80	-7.70	-7.61	-7.59	-7.53	-7.40	-7.28	-7.25	-7.27	-7.23	-7.07	-6.79	-6.51	-6.34	-6.28	-6.33	-6.46	-6.58	-6.60	-6.53	-6.49	-6.52	-6.45	-6.25	-6.17	-6.23	-6.23	-6.24	-6.32	-6.28	-6.09	-5.94	-5.95	-6.08	-6.27	-6.38	-6.29	-6.10	-6.03	-6.19	-6.43	-6.55	-6.60	-6.66	-6.70	
-8.92	-8.92	-8.92	-9.00	-9.07	-9.03	-9.03	-9.10	-9.17	-9.22	-9.26	-9.28	-9.22	-9.14	-9.09	-9.07	-9.07	-9.03	-8.89	-8.77	-8.85	-9.07	-9.17	-9.19	-9.30	-9.46	-9.44	-9.23	-9.10	-9.07	-8.92	-8.66	-8.45	-8.32	-8.23	-8.11	-7.95	-7.83	-7.82	-7.85	-7.85	-7.78	-7.81	-7.98	-8.10	-8.08	-8.02	-7.92	-7.89	-8.00	-8.07	-8.02	-7.99	-7.99	-7.93	-7.85	-7.75	-7.62	-7.53	-7.53	-7.53	-7.50	-7.42	-7.32	-7.15	-6.99	-6.83	-6.63	-6.39	-6.24	-6.25	-6.42	-6.62	-6.67	-6.53	-6.39	-6.29	-6.18	-6.06	-5.97	-6.01	-6.10	-6.08	-6.00	-5.91	-5.78	-5.68	-5.71	-5.85	-6.07	-6.21	-6.20	-6.10	-5.96	-5.89	-6.06	-6.32	-6.40	-6.36	-6.39	-6.42	
-8.76	-8.82	-8.84	-8.91	-8.95	-8.98	-9.04	-9.07	-9.10	-9.17	-9.21	-9.13	-9.02	-8.92	-8.90	-8.96	-9.01	-9.00	-8.91	-8.78	-8.80	-8.99	-9.15	-9.32	-9.56	-9.61	-9.37	-9.19	-9.14	-8.92	-8.50	-8.17	-8.11	-8.25	-8.32	-8.17	-8.05	-8.12	-8.21	-8.21	-8.14	-8.04	-7.99	-8.07	-8.12	-7.99	-7.83	-7.82	-7.90	-7.97	-7.99	-8.01	-8.06	-8.06	-7.98	-7.89	-7.76	-7.60	-7.52	-7.49	-7.49	-7.47	-7.38	-7.20	-6.97	-6.76	-6.61	-6.49	-6.39	-6.34	-6.37	-6.46	-6.53	-6.44	-6.24	-6.07	-5.93	-5.79	-5.76	-5.81	-5.86	-5.84	-5.71	-5.55	-5.42	-5.36	-5.39	-5.51	-5.72	-5.92	-5.99	-5.95	-5.92	-5.91	-5.91	-6.05	-6.21	-6.21	-6.21	-6.29	-6.35	
-8.65	-8.70	-8.78	-8.89	-8.89	-8.89	-8.97	-9.03	-9.10	-9.14	-9.04	-8.92	-8.86	-8.78	-8.75	-8.89	-8.99	-8.91	-8.82	-8.78	-8.80	-8.94	-9.21	-9.57	-9.78	-9.57	-9.23	-9.14	-8.96	-8.47	-8.13	-8.11	-8.19	-8.19	-8.09	-8.06	-8.19	-8.36	-8.42	-8.37	-8.30	-8.31	-8.41	-8.42	-8.27	-8.08	-7.94	-7.81	-7.69	-7.74	-7.90	-8.00	-8.04	-8.05	-7.99	-7.86	-7.73	-7.59	-7.48	-7.42	-7.38	-7.32	-7.16	-6.96	-6.82	-6.68	-6.54	-6.43	-6.34	-6.28	-6.26	-6.22	-6.17	-6.07	-5.92	-5.81	-5.73	-5.67	-5.67	-5.68	-5.63	-5.49	-5.32	-5.16	-5.10	-5.10	-5.18	-5.37	-5.55	-5.60	-5.57	-5.52	-5.52	-5.57	-5.64	-5.75	-5.85	-5.88	-5.94	-6.07	-6.19	
-8.63	-8.65	-8.82	-8.92	-8.88	-8.85	-8.93	-9.06	-9.13	-9.03	-8.86	-8.82	-8.83	-8.78	-8.78	-8.92	-8.95	-8.83	-8.79	-8.82	-8.82	-8.98	-9.35	-9.67	-9.71	-9.39	-9.04	-8.85	-8.59	-8.31	-8.29	-8.39	-8.31	-8.10	-7.95	-8.03	-8.15	-8.09	-8.06	-8.10	-8.08	-8.21	-8.53	-8.54	-8.21	-8.03	-8.03	-7.84	-7.55	-7.59	-7.81	-7.83	-7.82	-7.94	-7.92	-7.72	-7.54	-7.41	-7.37	-7.39	-7.38	-7.29	-7.11	-6.85	-6.67	-6.57	-6.49	-6.39	-6.28	-6.16	-6.07	-5.97	-5.91	-5.88	-5.80	-5.73	-5.71	-5.64	-5.54	-5.42	-5.28	-5.13	-5.01	-4.93	-4.91	-4.96	-5.10	-5.28	-5.31	-5.20	-5.12	-5.11	-5.10	-5.15	-5.25	-5.39	-5.54	-5.68	-5.76	-5.85	-5.96	
-8.61	-8.67	-8.82	-8.89	-8.92	-8.99	-9.04	-9.09	-9.06	-8.92	-8.85	-8.89	-8.92	-8.93	-8.97	-9.03	-8.99	-8.89	-8.85	-8.83	-8.82	-9.09	-9.48	-9.57	-9.42	-9.13	-8.71	-8.44	-8.43	-8.49	-8.45	-8.27	-8.07	-7.96	-7.89	-7.92	-7.95	-7.89	-7.92	-7.98	-7.88	-7.88	-8.06	-8.13	-8.05	-7.97	-7.95	-7.87	-7.68	-7.59	-7.60	-7.49	-7.49	-7.72	-7.74	-7.53	-7.31	-7.19	-7.29	-7.42	-7.35	-7.22	-7.08	-6.80	-6.58	-6.53	-6.46	-6.34	-6.21	-6.07	-5.94	-5.85	-5.81	-5.82	-5.76	-5.65	-5.55	-5.39	-5.24	-5.11	-4.96	-4.85	-4.79	-4.73	-4.72	-4.82	-4.96	-5.03	-4.96	-4.84	-4.84	-4.89	-4.89	-4.94	-5.07	-5.24	-5.39	-5.49	-5.54	-5.58	-5.65	
-8.64	-8.71	-8.83	-8.95	-9.09	-9.15	-9.10	-9.05	-8.99	-8.89	-8.94	-9.02	-9.03	-9.06	-9.11	-9.14	-9.10	-8.96	-8.91	-8.96	-9.03	-9.32	-9.59	-9.50	-9.23	-8.82	-8.32	-8.20	-8.49	-8.62	-8.44	-8.24	-8.17	-8.16	-8.03	-7.85	-7.82	-7.96	-8.10	-8.03	-7.86	-7.85	-7.85	-7.89	-7.98	-7.91	-7.87	-7.96	-7.81	-7.51	-7.42	-7.35	-7.36	-7.51	-7.49	-7.33	-7.18	-7.06	-7.17	-7.32	-7.18	-7.04	-6.99	-6.76	-6.54	-6.46	-6.34	-6.23	-6.14	-5.99	-5.85	-5.72	-5.67	-5.69	-5.60	-5.43	-5.27	-5.10	-4.94	-4.81	-4.67	-4.60	-4.57	-4.52	-4.55	-4.66	-4.69	-4.63	-4.57	-4.57	-4.61	-4.68	-4.72	-4.74	-4.82	-4.91	-4.96	-5.04	-5.14	-5.22	-5.35	
-8.71	-8.82	-8.99	-9.11	-9.15	-9.11	-9.03	-8.99	-8.97	-8.99	-9.10	-9.20	-9.19	-9.16	-9.12	-9.10	-9.08	-9.00	-9.03	-9.22	-9.39	-9.60	-9.66	-9.38	-8.95	-8.46	-8.12	-8.26	-8.52	-8.47	-8.39	-8.40	-8.40	-8.45	-8.45	-8.29	-8.18	-8.25	-8.30	-8.06	-7.76	-7.68	-7.72	-7.87	-7.98	-7.86	-7.86	-7.92	-7.58	-7.26	-7.33	-7.31	-7.24	-7.25	-7.06	-6.95	-7.03	-6.96	-7.02	-7.21	-7.13	-6.96	-6.85	-6.64	-6.48	-6.39	-6.26	-6.18	-6.11	-5.92	-5.73	-5.56	-5.46	-5.46	-5.36	-5.17	-5.01	-4.88	-4.74	-4.60	-4.46	-4.38	-4.34	-4.35	-4.42	-4.46	-4.40	-4.32	-4.32	-4.39	-4.41	-4.39	-4.42	-4.42	-4.43	-4.49	-4.53	-4.64	-4.79	-4.88	-5.01	
-8.78	-8.93	-9.07	-9.10	-9.08	-9.05	-8.96	-8.91	-8.99	-9.12	-9.22	-9.22	-9.17	-9.17	-9.15	-9.07	-9.02	-9.07	-9.18	-9.32	-9.50	-9.58	-9.30	-8.87	-8.64	-8.48	-8.42	-8.57	-8.52	-8.36	-8.50	-8.64	-8.62	-8.74	-8.82	-8.60	-8.32	-8.17	-8.04	-7.85	-7.70	-7.61	-7.53	-7.58	-7.71	-7.78	-7.91	-7.85	-7.42	-7.33	-7.54	-7.39	-7.28	-7.28	-6.93	-6.79	-7.08	-7.13	-7.04	-7.11	-7.04	-6.90	-6.74	-6.46	-6.33	-6.34	-6.24	-6.16	-6.06	-5.81	-5.55	-5.33	-5.22	-5.21	-5.10	-4.88	-4.72	-4.62	-4.53	-4.44	-4.32	-4.17	-4.11	-4.19	-4.25	-4.17	-4.10	-4.08	-4.13	-4.21	-4.20	-4.10	-4.09	-4.10	-4.10	-4.19	-4.27	-4.35	-4.50	-4.61	-4.75	
-8.73	-8.84	-8.86	-8.85	-8.85	-8.79	-8.63	-8.61	-8.82	-8.98	-9.07	-9.14	-9.10	-9.12	-9.21	-9.19	-9.12	-9.19	-9.29	-9.38	-9.47	-9.26	-8.62	-8.27	-8.43	-8.51	-8.50	-8.64	-8.58	-8.52	-8.71	-8.78	-8.80	-9.04	-8.95	-8.37	-7.98	-7.93	-7.87	-7.78	-7.96	-8.17	-7.98	-7.63	-7.49	-7.55	-7.81	-7.85	-7.51	-7.45	-7.59	-7.32	-7.10	-7.05	-6.73	-6.57	-6.82	-6.95	-6.97	-7.02	-6.91	-6.80	-6.66	-6.35	-6.24	-6.29	-6.21	-6.08	-5.95	-5.67	-5.35	-5.12	-4.99	-4.93	-4.83	-4.60	-4.39	-4.31	-4.29	-4.28	-4.18	-4.01	-3.96	-4.07	-4.03	-3.84	-3.78	-3.85	-3.90	-3.92	-3.85	-3.71	-3.74	-3.81	-3.83	-3.92	-4.03	-4.10	-4.25	-4.46	-4.68	
-8.46	-8.56	-8.57	-8.50	-8.44	-8.38	-8.31	-8.39	-8.61	-8.78	-8.96	-9.10	-9.03	-8.98	-9.13	-9.26	-9.25	-9.23	-9.25	-9.28	-9.17	-8.73	-8.18	-8.12	-8.35	-8.28	-8.20	-8.42	-8.56	-8.69	-9.02	-9.10	-9.03	-9.08	-8.80	-8.13	-7.74	-7.81	-7.86	-7.80	-8.03	-8.42	-8.43	-8.21	-8.02	-7.82	-7.80	-7.81	-7.49	-7.35	-7.49	-7.30	-6.92	-6.79	-6.68	-6.57	-6.59	-6.63	-6.76	-6.84	-6.67	-6.52	-6.41	-6.24	-6.22	-6.24	-6.08	-5.96	-5.83	-5.50	-5.17	-4.95	-4.78	-4.71	-4.67	-4.44	-4.17	-4.07	-4.12	-4.17	-4.08	-3.89	-3.79	-3.82	-3.71	-3.48	-3.45	-3.57	-3.60	-3.53	-3.43	-3.36	-3.41	-3.49	-3.52	-3.59	-3.72	-3.88	-4.11	-4.43	-4.74	
-8.32	-8.40	-8.42	-8.37	-8.34	-8.38	-8.46	-8.55	-8.66	-8.82	-8.97	-8.99	-8.95	-9.01	-9.14	-9.27	-9.31	-9.24	-9.21	-9.13	-8.78	-8.34	-8.10	-8.14	-8.22	-8.03	-7.83	-7.96	-8.28	-8.71	-9.25	-9.43	-9.18	-8.87	-8.57	-8.19	-7.91	-7.78	-7.72	-7.88	-8.35	-8.71	-8.59	-8.28	-8.03	-7.74	-7.57	-7.51	-7.32	-7.24	-7.32	-7.13	-6.82	-6.80	-6.83	-6.74	-6.68	-6.68	-6.68	-6.60	-6.42	-6.28	-6.21	-6.17	-6.18	-6.11	-5.95	-5.88	-5.73	-5.32	-4.95	-4.74	-4.59	-4.55	-4.55	-4.36	-4.10	-3.96	-3.96	-4.06	-4.00	-3.69	-3.47	-3.48	-3.39	-3.17	-3.11	-3.20	-3.24	-3.19	-3.14	-3.14	-3.19	-3.22	-3.21	-3.25	-3.47	-3.87	-4.29	-4.67	-5.00	
-8.29	-8.33	-8.35	-8.39	-8.42	-8.46	-8.64	-8.82	-8.85	-8.88	-8.90	-8.89	-9.03	-9.20	-9.23	-9.31	-9.36	-9.21	-9.04	-8.85	-8.47	-8.21	-8.13	-8.13	-8.26	-8.27	-8.00	-7.92	-8.19	-8.57	-9.01	-9.24	-9.13	-8.92	-8.68	-8.29	-7.95	-7.82	-7.81	-8.03	-8.46	-8.68	-8.46	-7.99	-7.63	-7.46	-7.29	-6.99	-6.84	-7.03	-7.17	-7.01	-6.85	-6.85	-6.77	-6.61	-6.63	-6.72	-6.67	-6.52	-6.34	-6.17	-6.10	-6.09	-6.06	-5.97	-5.84	-5.77	-5.64	-5.25	-4.81	-4.55	-4.41	-4.38	-4.40	-4.28	-4.03	-3.83	-3.81	-3.97	-3.93	-3.49	-3.16	-3.18	-3.18	-3.04	-2.95	-2.93	-2.96	-2.94	-2.90	-2.92	-2.99	-3.05	-3.07	-3.14	-3.41	-3.91	-4.40	-4.76	-5.11	
-8.28	-8.32	-8.36	-8.48	-8.57	-8.61	-8.78	-8.99	-9.06	-9.00	-8.92	-8.92	-9.07	-9.19	-9.17	-9.21	-9.16	-8.91	-8.71	-8.49	-8.22	-8.12	-8.06	-7.96	-8.10	-8.23	-8.10	-8.00	-7.94	-7.94	-8.28	-8.70	-8.86	-9.09	-9.12	-8.48	-7.78	-7.66	-7.78	-7.89	-8.03	-8.17	-8.12	-7.78	-7.39	-7.19	-6.92	-6.48	-6.37	-6.65	-6.86	-6.85	-6.76	-6.67	-6.59	-6.53	-6.52	-6.53	-6.46	-6.33	-6.12	-5.92	-5.85	-5.82	-5.79	-5.80	-5.71	-5.60	-5.57	-5.33	-4.85	-4.48	-4.26	-4.17	-4.21	-4.12	-3.84	-3.63	-3.67	-3.86	-3.84	-3.45	-3.14	-3.09	-3.06	-2.97	-2.89	-2.82	-2.79	-2.79	-2.78	-2.80	-2.89	-3.01	-3.14	-3.29	-3.54	-3.92	-4.39	-4.80	-5.17	
-8.37	-8.42	-8.51	-8.63	-8.70	-8.81	-8.92	-9.01	-9.11	-9.18	-9.14	-9.08	-9.17	-9.29	-9.27	-9.09	-8.87	-8.67	-8.46	-8.21	-8.04	-8.02	-7.92	-7.77	-7.71	-7.67	-7.68	-7.68	-7.45	-7.29	-7.62	-8.05	-8.35	-8.84	-9.07	-8.57	-7.98	-7.85	-7.89	-7.75	-7.65	-7.71	-7.71	-7.48	-7.19	-6.92	-6.60	-6.45	-6.59	-6.66	-6.63	-6.63	-6.54	-6.38	-6.33	-6.33	-6.28	-6.21	-6.08	-5.91	-5.71	-5.51	-5.40	-5.36	-5.42	-5.58	-5.57	-5.42	-5.39	-5.29	-4.90	-4.46	-4.10	-3.90	-3.95	-3.94	-3.71	-3.51	-3.53	-3.64	-3.66	-3.49	-3.27	-3.14	-3.04	-2.91	-2.77	-2.68	-2.64	-2.64	-2.70	-2.78	-2.89	-3.09	-3.28	-3.45	-3.67	-3.99	-4.42	-4.85	-5.20	
-8.53	-8.57	-8.70	-8.80	-8.82	-8.93	-9.03	-9.04	-9.18	-9.37	-9.37	-9.24	-9.19	-9.22	-9.07	-8.71	-8.49	-8.46	-8.30	-8.09	-8.02	-7.95	-7.85	-7.83	-7.67	-7.36	-7.26	-7.24	-7.09	-7.06	-7.26	-7.53	-7.99	-8.44	-8.35	-8.07	-8.10	-8.24	-8.20	-7.93	-7.59	-7.39	-7.25	-7.08	-6.98	-6.77	-6.42	-6.44	-6.67	-6.62	-6.49	-6.53	-6.45	-6.28	-6.20	-6.14	-6.07	-5.93	-5.67	-5.46	-5.31	-5.12	-4.95	-4.93	-5.09	-5.32	-5.40	-5.33	-5.29	-5.15	-4.76	-4.28	-3.89	-3.72	-3.83	-3.92	-3.75	-3.47	-3.31	-3.31	-3.39	-3.39	-3.28	-3.17	-3.07	-2.85	-2.62	-2.52	-2.52	-2.58	-2.73	-2.85	-2.96	-3.19	-3.39	-3.58	-3.89	-4.21	-4.53	-4.89	-5.16	
-8.71	-8.70	-8.71	-8.74	-8.82	-8.96	-9.00	-9.04	-9.24	-9.38	-9.32	-9.18	-9.06	-9.00	-8.87	-8.56	-8.33	-8.30	-8.24	-8.14	-8.01	-7.78	-7.71	-7.82	-7.64	-7.24	-7.10	-7.07	-6.97	-7.04	-7.10	-7.13	-7.60	-7.96	-7.68	-7.65	-8.09	-8.14	-7.95	-7.90	-7.75	-7.46	-7.10	-6.71	-6.55	-6.42	-6.20	-6.24	-6.37	-6.25	-6.17	-6.24	-6.26	-6.22	-6.14	-6.03	-5.93	-5.69	-5.37	-5.15	-4.99	-4.82	-4.70	-4.71	-4.81	-4.98	-5.20	-5.35	-5.28	-4.91	-4.42	-4.05	-3.82	-3.74	-3.82	-3.86	-3.72	-3.47	-3.26	-3.18	-3.21	-3.21	-3.17	-3.13	-3.00	-2.76	-2.51	-2.39	-2.42	-2.59	-2.79	-2.93	-3.07	-3.29	-3.52	-3.84	-4.27	-4.53	-4.70	-4.96	-5.16	
-8.74	-8.77	-8.74	-8.73	-8.85	-8.96	-9.02	-9.22	-9.42	-9.32	-9.15	-9.15	-9.10	-8.93	-8.74	-8.53	-8.35	-8.24	-8.17	-8.08	-7.87	-7.61	-7.49	-7.45	-7.24	-6.92	-6.85	-6.93	-6.94	-6.98	-6.90	-6.67	-6.87	-7.28	-7.30	-7.48	-7.89	-7.78	-7.53	-7.60	-7.60	-7.44	-7.10	-6.62	-6.35	-6.20	-5.94	-5.82	-5.82	-5.75	-5.75	-5.89	-6.01	-6.01	-5.91	-5.82	-5.72	-5.49	-5.24	-5.04	-4.81	-4.63	-4.60	-4.59	-4.52	-4.59	-4.89	-5.09	-4.88	-4.40	-4.03	-3.91	-3.88	-3.82	-3.75	-3.64	-3.46	-3.35	-3.33	-3.30	-3.24	-3.11	-3.03	-2.99	-2.89	-2.70	-2.49	-2.33	-2.37	-2.57	-2.79	-3.03	-3.29	-3.53	-3.78	-4.14	-4.54	-4.74	-4.86	-5.00	-5.07	
-8.71	-8.77	-8.82	-8.89	-8.99	-9.07	-9.20	-9.49	-9.58	-9.26	-9.04	-9.11	-9.05	-8.77	-8.52	-8.36	-8.25	-8.14	-8.05	-7.96	-7.80	-7.55	-7.32	-7.20	-7.11	-6.90	-6.74	-6.85	-6.99	-6.97	-6.77	-6.42	-6.35	-6.59	-6.75	-6.89	-7.07	-7.10	-7.17	-7.29	-7.21	-7.17	-7.14	-6.78	-6.40	-6.10	-5.67	-5.36	-5.39	-5.47	-5.52	-5.64	-5.74	-5.70	-5.60	-5.57	-5.48	-5.28	-5.07	-4.95	-4.82	-4.62	-4.53	-4.46	-4.27	-4.19	-4.38	-4.44	-4.24	-3.97	-3.78	-3.73	-3.73	-3.64	-3.59	-3.55	-3.39	-3.33	-3.42	-3.46	-3.40	-3.22	-3.03	-2.93	-2.79	-2.61	-2.45	-2.31	-2.31	-2.47	-2.74	-3.11	-3.47	-3.77	-4.04	-4.32	-4.55	-4.66	-4.73	-4.84	-4.94	
-8.82	-8.82	-8.92	-9.11	-9.25	-9.33	-9.45	-9.57	-9.52	-9.23	-9.01	-8.93	-8.75	-8.55	-8.42	-8.21	-8.03	-7.93	-7.89	-7.95	-7.90	-7.63	-7.39	-7.35	-7.38	-7.30	-7.07	-6.90	-6.96	-7.01	-6.77	-6.46	-6.29	-6.18	-6.12	-6.21	-6.26	-6.33	-6.67	-6.92	-6.75	-6.69	-6.90	-6.80	-6.33	-5.88	-5.48	-5.21	-5.28	-5.47	-5.48	-5.43	-5.41	-5.32	-5.24	-5.22	-5.22	-5.11	-4.89	-4.77	-4.74	-4.53	-4.33	-4.23	-4.04	-3.92	-3.96	-3.92	-3.86	-3.83	-3.69	-3.56	-3.49	-3.35	-3.29	-3.38	-3.39	-3.39	-3.49	-3.58	-3.53	-3.28	-3.00	-2.90	-2.80	-2.58	-2.36	-2.21	-2.21	-2.41	-2.74	-3.14	-3.49	-3.81	-4.14	-4.39	-4.56	-4.63	-4.67	-4.89	-5.23	
-8.93	-8.87	-9.02	-9.28	-9.39	-9.49	-9.57	-9.47	-9.29	-9.06	-8.83	-8.71	-8.57	-8.41	-8.28	-8.10	-7.90	-7.78	-7.75	-7.89	-7.96	-7.73	-7.51	-7.46	-7.41	-7.47	-7.33	-6.79	-6.58	-6.83	-6.78	-6.44	-6.22	-5.98	-5.78	-5.82	-5.84	-5.81	-6.02	-6.26	-6.19	-6.13	-6.42	-6.61	-6.20	-5.62	-5.34	-5.21	-5.17	-5.24	-5.26	-5.19	-5.10	-4.94	-4.82	-4.83	-4.89	-4.85	-4.71	-4.58	-4.46	-4.26	-4.07	-3.90	-3.73	-3.70	-3.76	-3.80	-3.84	-3.80	-3.67	-3.56	-3.45	-3.27	-3.12	-3.11	-3.17	-3.22	-3.26	-3.34	-3.34	-3.14	-2.89	-2.77	-2.69	-2.53	-2.28	-2.09	-2.12	-2.42	-2.82	-3.12	-3.37	-3.76	-4.22	-4.50	-4.70	-4.85	-4.92	-5.19	-5.64	
-9.09	-8.98	-9.10	-9.35	-9.41	-9.46	-9.47	-9.24	-8.96	-8.72	-8.48	-8.39	-8.40	-8.28	-8.12	-7.99	-7.80	-7.57	-7.50	-7.76	-7.98	-7.77	-7.51	-7.47	-7.39	-7.44	-7.45	-6.91	-6.42	-6.50	-6.52	-6.22	-5.99	-5.87	-5.74	-5.60	-5.47	-5.48	-5.57	-5.67	-5.82	-5.92	-6.09	-6.32	-6.10	-5.46	-5.11	-5.07	-4.94	-4.83	-4.74	-4.58	-4.47	-4.47	-4.55	-4.65	-4.59	-4.44	-4.42	-4.37	-4.09	-3.86	-3.80	-3.67	-3.52	-3.48	-3.52	-3.67	-3.81	-3.71	-3.57	-3.51	-3.37	-3.22	-3.10	-2.97	-2.96	-2.97	-2.94	-2.94	-2.94	-2.92	-2.82	-2.58	-2.39	-2.28	-2.10	-1.99	-2.12	-2.49	-2.91	-3.23	-3.49	-3.88	-4.32	-4.57	-4.78	-4.99	-5.05	-5.21	-5.64	
-9.27	-9.12	-9.17	-9.39	-9.49	-9.46	-9.33	-9.03	-8.74	-8.58	-8.42	-8.32	-8.33	-8.21	-7.96	-7.81	-7.63	-7.38	-7.32	-7.57	-7.78	-7.58	-7.31	-7.35	-7.39	-7.32	-7.34	-7.10	-6.66	-6.35	-6.14	-5.96	-5.78	-5.67	-5.60	-5.29	-4.99	-5.14	-5.35	-5.39	-5.63	-5.83	-5.77	-5.90	-5.96	-5.42	-4.93	-4.82	-4.58	-4.39	-4.34	-4.12	-3.99	-4.15	-4.32	-4.38	-4.28	-4.12	-4.14	-4.06	-3.74	-3.51	-3.46	-3.35	-3.27	-3.24	-3.22	-3.40	-3.60	-3.52	-3.35	-3.26	-3.13	-3.05	-3.00	-2.90	-2.83	-2.77	-2.74	-2.74	-2.70	-2.67	-2.67	-2.49	-2.27	-2.10	-1.92	-1.85	-2.03	-2.43	-2.96	-3.42	-3.76	-4.01	-4.21	-4.49	-4.80	-5.03	-5.18	-5.37	-5.67	
-9.32	-9.19	-9.18	-9.31	-9.49	-9.49	-9.24	-8.94	-8.71	-8.53	-8.38	-8.25	-8.20	-8.06	-7.86	-7.85	-7.84	-7.67	-7.48	-7.48	-7.54	-7.39	-7.19	-7.25	-7.31	-7.21	-7.08	-6.84	-6.57	-6.35	-6.08	-5.89	-5.66	-5.41	-5.34	-5.19	-4.97	-5.06	-5.15	-5.05	-5.24	-5.46	-5.38	-5.49	-5.65	-5.28	-4.92	-4.69	-4.08	-3.80	-4.11	-4.17	-4.07	-4.11	-4.07	-3.97	-3.94	-3.88	-3.82	-3.69	-3.47	-3.32	-3.16	-2.98	-2.95	-2.99	-3.01	-3.14	-3.26	-3.21	-3.09	-3.00	-2.92	-2.85	-2.81	-2.80	-2.79	-2.73	-2.65	-2.61	-2.54	-2.46	-2.40	-2.34	-2.24	-2.10	-1.97	-1.85	-1.80	-2.10	-2.67	-3.17	-3.60	-3.92	-4.12	-4.46	-4.74	-4.87	-5.24	-5.65	-5.81	
-9.35	-9.31	-9.22	-9.12	-9.26	-9.37	-9.15	-8.87	-8.60	-8.29	-8.16	-8.13	-8.05	-7.91	-7.82	-7.86	-7.82	-7.60	-7.51	-7.60	-7.62	-7.38	-7.22	-7.27	-7.22	-7.14	-7.03	-6.68	-6.35	-6.22	-6.06	-5.86	-5.53	-5.14	-5.03	-5.03	-4.99	-5.04	-4.92	-4.70	-4.78	-4.97	-4.94	-5.01	-5.12	-4.96	-4.82	-4.49	-3.80	-3.67	-4.22	-4.39	-4.24	-4.15	-3.99	-3.86	-3.78	-3.60	-3.48	-3.34	-3.17	-3.06	-2.92	-2.78	-2.75	-2.81	-2.90	-2.97	-2.96	-2.88	-2.77	-2.71	-2.69	-2.64	-2.59	-2.58	-2.59	-2.62	-2.58	-2.49	-2.45	-2.39	-2.31	-2.26	-2.23	-2.16	-2.14	-2.09	-1.92	-1.95	-2.24	-2.61	-3.12	-3.61	-3.99	-4.42	-4.74	-4.95	-5.42	-5.81	-5.79	
-9.33	-9.35	-9.24	-9.04	-8.99	-9.03	-8.90	-8.68	-8.34	-8.06	-8.07	-8.08	-7.91	-7.78	-7.81	-7.82	-7.67	-7.53	-7.60	-7.73	-7.64	-7.35	-7.15	-7.13	-7.03	-6.95	-6.94	-6.70	-6.28	-5.99	-5.85	-5.73	-5.42	-5.13	-5.03	-4.93	-4.78	-4.64	-4.45	-4.47	-4.72	-4.75	-4.53	-4.47	-4.54	-4.56	-4.53	-4.26	-3.82	-3.79	-4.06	-4.09	-4.02	-4.00	-3.90	-3.80	-3.66	-3.44	-3.25	-3.11	-2.97	-2.83	-2.68	-2.60	-2.60	-2.64	-2.71	-2.74	-2.70	-2.60	-2.50	-2.46	-2.42	-2.37	-2.36	-2.36	-2.35	-2.39	-2.43	-2.42	-2.39	-2.35	-2.28	-2.25	-2.23	-2.18	-2.16	-2.17	-2.18	-2.22	-2.32	-2.51	-2.85	-3.23	-3.64	-4.15	-4.55	-4.87	-5.29	-5.57	-5.59	
-9.28	-9.30	-9.26	-9.11	-8.96	-8.86	-8.78	-8.65	-8.42	-8.22	-8.14	-7.91	-7.72	-7.79	-7.90	-7.85	-7.64	-7.60	-7.72	-7.66	-7.48	-7.40	-7.21	-6.90	-6.74	-6.66	-6.57	-6.43	-6.14	-5.78	-5.59	-5.46	-5.24	-5.09	-4.99	-4.92	-4.92	-4.72	-4.47	-4.64	-4.90	-4.70	-4.37	-4.28	-4.28	-4.26	-4.24	-4.15	-3.95	-3.68	-3.49	-3.51	-3.59	-3.60	-3.60	-3.51	-3.42	-3.31	-3.05	-2.85	-2.80	-2.67	-2.53	-2.49	-2.46	-2.39	-2.34	-2.33	-2.31	-2.25	-2.27	-2.31	-2.27	-2.21	-2.17	-2.16	-2.18	-2.19	-2.19	-2.21	-2.21	-2.16	-2.15	-2.14	-2.14	-2.19	-2.19	-2.17	-2.21	-2.32	-2.47	-2.64	-2.77	-2.92	-3.27	-3.64	-3.88	-4.21	-4.67	-4.98	-5.14	
-9.19	-9.19	-9.24	-9.15	-9.07	-8.99	-8.85	-8.79	-8.67	-8.46	-8.12	-7.71	-7.67	-7.90	-7.90	-7.78	-7.61	-7.48	-7.53	-7.49	-7.32	-7.33	-7.23	-6.91	-6.71	-6.53	-6.25	-6.06	-5.89	-5.72	-5.57	-5.29	-5.08	-5.05	-4.92	-4.80	-4.89	-4.89	-4.74	-4.62	-4.48	-4.36	-4.31	-4.23	-4.17	-4.14	-4.03	-3.93	-3.87	-3.57	-3.20	-3.20	-3.28	-3.22	-3.23	-3.17	-3.09	-3.02	-2.74	-2.52	-2.50	-2.47	-2.44	-2.40	-2.28	-2.17	-2.08	-2.01	-1.96	-1.90	-1.97	-2.07	-2.07	-2.07	-2.04	-2.01	-2.03	-2.05	-2.04	-2.04	-1.99	-1.97	-1.99	-2.00	-2.01	-2.04	-2.11	-2.17	-2.16	-2.17	-2.29	-2.44	-2.57	-2.70	-2.92	-3.18	-3.33	-3.63	-4.07	-4.35	-4.57	
-9.06	-9.00	-9.05	-8.97	-9.01	-9.01	-8.82	-8.66	-8.47	-8.27	-8.07	-7.79	-7.73	-7.80	-7.70	-7.66	-7.61	-7.39	-7.29	-7.28	-7.21	-7.16	-7.07	-6.92	-6.78	-6.52	-6.14	-5.82	-5.63	-5.57	-5.45	-5.08	-4.83	-4.90	-4.96	-4.89	-4.74	-4.67	-4.78	-4.60	-4.26	-4.39	-4.53	-4.29	-4.13	-4.10	-3.89	-3.71	-3.73	-3.59	-3.17	-2.99	-3.05	-2.95	-2.88	-2.89	-2.83	-2.69	-2.49	-2.34	-2.26	-2.26	-2.32	-2.21	-2.07	-2.06	-1.95	-1.82	-1.77	-1.71	-1.72	-1.77	-1.77	-1.78	-1.81	-1.84	-1.89	-1.93	-1.99	-2.01	-1.96	-1.92	-1.91	-1.89	-1.88	-1.84	-1.89	-2.01	-2.04	-2.07	-2.15	-2.19	-2.26	-2.38	-2.54	-2.78	-2.92	-3.10	-3.42	-3.62	-3.82	
-8.98	-8.88	-8.80	-8.67	-8.70	-8.71	-8.57	-8.42	-8.15	-7.99	-7.96	-7.82	-7.72	-7.64	-7.54	-7.54	-7.46	-7.28	-7.15	-6.99	-6.96	-7.01	-6.82	-6.68	-6.78	-6.70	-6.17	-5.58	-5.31	-5.36	-5.32	-4.94	-4.67	-4.75	-4.89	-4.96	-4.78	-4.51	-4.62	-4.69	-4.50	-4.63	-4.76	-4.55	-4.35	-4.16	-3.87	-3.71	-3.69	-3.54	-3.12	-2.84	-2.84	-2.75	-2.64	-2.67	-2.61	-2.42	-2.32	-2.28	-2.17	-2.13	-2.14	-2.02	-1.92	-1.91	-1.82	-1.82	-1.87	-1.81	-1.72	-1.67	-1.66	-1.65	-1.64	-1.67	-1.71	-1.77	-1.86	-1.92	-1.94	-1.93	-1.92	-1.89	-1.81	-1.74	-1.78	-1.81	-1.81	-1.88	-2.00	-2.02	-2.06	-2.17	-2.22	-2.36	-2.58	-2.72	-2.82	-2.96	-3.32	
-9.03	-8.92	-8.76	-8.54	-8.39	-8.34	-8.37	-8.30	-8.03	-7.84	-7.73	-7.65	-7.74	-7.67	-7.46	-7.36	-7.14	-6.98	-6.89	-6.67	-6.64	-6.70	-6.37	-6.08	-6.22	-6.32	-5.96	-5.44	-5.18	-5.28	-5.34	-4.96	-4.63	-4.86	-5.01	-4.82	-4.71	-4.64	-4.60	-4.57	-4.43	-4.47	-4.61	-4.57	-4.48	-4.25	-3.86	-3.63	-3.59	-3.43	-3.10	-2.82	-2.71	-2.59	-2.48	-2.44	-2.37	-2.24	-2.14	-2.07	-1.99	-1.92	-1.84	-1.73	-1.67	-1.63	-1.66	-1.82	-1.86	-1.79	-1.76	-1.72	-1.70	-1.70	-1.69	-1.69	-1.68	-1.71	-1.76	-1.80	-1.86	-1.86	-1.88	-1.90	-1.80	-1.77	-1.78	-1.74	-1.74	-1.82	-1.96	-1.99	-2.04	-2.17	-2.14	-2.34	-2.92	-3.04	-2.66	-2.71	-3.42	
-8.88	-8.75	-8.63	-8.46	-8.28	-8.24	-8.32	-8.19	-7.78	-7.62	-7.63	-7.59	-7.67	-7.65	-7.40	-7.17	-6.94	-6.73	-6.55	-6.37	-6.32	-6.22	-5.96	-5.67	-5.44	-5.35	-5.49	-5.64	-5.52	-5.34	-5.39	-5.12	-4.50	-4.51	-4.79	-4.59	-4.49	-4.64	-4.60	-4.42	-4.25	-4.24	-4.31	-4.17	-4.09	-4.11	-3.83	-3.51	-3.54	-3.46	-3.11	-2.84	-2.66	-2.51	-2.43	-2.34	-2.24	-2.11	-1.96	-1.86	-1.77	-1.63	-1.47	-1.33	-1.27	-1.28	-1.40	-1.54	-1.54	-1.50	-1.51	-1.48	-1.52	-1.57	-1.57	-1.58	-1.58	-1.63	-1.67	-1.68	-1.73	-1.71	-1.74	-1.79	-1.74	-1.74	-1.76	-1.74	-1.76	-1.84	-2.01	-2.04	-2.07	-2.30	-2.28	-2.53	-3.28	-3.30	-2.67	-2.67	-3.34	
-8.53	-8.43	-8.40	-8.32	-8.28	-8.23	-8.23	-8.23	-7.92	-7.56	-7.51	-7.49	-7.41	-7.46	-7.39	-7.06	-6.84	-6.71	-6.44	-6.24	-6.13	-5.92	-5.82	-5.75	-5.45	-5.28	-5.51	-5.76	-5.65	-5.32	-5.32	-5.35	-4.79	-4.26	-4.35	-4.52	-4.53	-4.57	-4.53	-4.45	-4.32	-4.15	-4.07	-3.88	-3.72	-3.89	-3.87	-3.63	-3.61	-3.50	-3.14	-2.89	-2.67	-2.54	-2.53	-2.42	-2.28	-2.14	-1.96	-1.83	-1.67	-1.47	-1.34	-1.18	-1.09	-1.11	-1.20	-1.29	-1.28	-1.28	-1.24	-1.19	-1.24	-1.26	-1.21	-1.24	-1.30	-1.38	-1.46	-1.46	-1.46	-1.47	-1.56	-1.64	-1.60	-1.53	-1.55	-1.67	-1.72	-1.79	-2.03	-2.03	-2.04	-2.33	-2.28	-2.39	-2.98	-2.94	-2.55	-2.66	-2.98	
-8.34	-8.21	-8.30	-8.16	-8.10	-8.24	-8.49	-9.04	-9.07	-8.07	-7.32	-7.34	-7.30	-7.24	-7.29	-7.07	-6.80	-6.73	-6.57	-6.39	-6.23	-6.02	-5.91	-5.79	-5.59	-5.65	-5.78	-5.62	-5.49	-5.51	-5.42	-5.36	-5.28	-4.85	-4.52	-4.49	-4.44	-4.32	-4.31	-4.33	-4.19	-3.98	-3.92	-3.78	-3.55	-3.63	-3.69	-3.54	-3.48	-3.35	-3.14	-2.98	-2.69	-2.48	-2.48	-2.45	-2.37	-2.23	-2.02	-1.88	-1.76	-1.64	-1.49	-1.31	-1.20	-1.20	-1.24	-1.32	-1.31	-1.28	-1.32	-1.31	-1.32	-1.34	-1.29	-1.27	-1.29	-1.36	-1.44	-1.46	-1.45	-1.49	-1.57	-1.60	-1.59	-1.54	-1.53	-1.64	-1.67	-1.69	-1.92	-1.96	-1.99	-2.19	-2.07	-2.23	-2.74	-2.67	-2.57	-2.76	-2.77	
-8.18	-8.12	-8.24	-7.98	-7.77	-8.10	-8.67	-9.40	-9.67	-8.71	-7.67	-7.46	-7.24	-6.90	-6.96	-7.03	-6.82	-6.60	-6.50	-6.42	-6.31	-6.19	-6.13	-5.98	-5.78	-5.78	-5.76	-5.39	-5.24	-5.54	-5.45	-5.07	-5.10	-5.07	-4.60	-4.29	-4.22	-4.17	-4.21	-4.21	-4.08	-3.93	-3.85	-3.70	-3.52	-3.53	-3.47	-3.32	-3.31	-3.18	-3.00	-2.88	-2.58	-2.36	-2.39	-2.45	-2.44	-2.28	-2.07	-1.97	-1.89	-1.80	-1.67	-1.50	-1.38	-1.30	-1.32	-1.42	-1.49	-1.53	-1.60	-1.68	-1.76	-1.85	-1.85	-1.74	-1.65	-1.68	-1.74	-1.78	-1.83	-1.91	-1.93	-1.92	-2.02	-2.04	-1.89	-1.88	-1.90	-1.78	-1.82	-1.91	-2.01	-2.05	-1.88	-2.14	-2.53	-2.39	-2.52	-2.78	-2.61	
-8.40	-8.39	-8.10	-7.81	-7.86	-8.32	-8.81	-9.16	-9.20	-8.78	-8.28	-7.85	-7.36	-7.03	-6.94	-6.99	-6.91	-6.60	-6.37	-6.37	-6.42	-6.39	-6.31	-6.13	-5.92	-5.83	-5.67	-5.38	-5.31	-5.39	-5.21	-4.88	-4.75	-4.64	-4.30	-4.08	-4.16	-4.25	-4.24	-4.19	-4.06	-3.82	-3.66	-3.60	-3.57	-3.50	-3.35	-3.17	-3.07	-2.86	-2.70	-2.57	-2.40	-2.35	-2.42	-2.53	-2.57	-2.39	-2.17	-2.08	-2.00	-1.92	-1.80	-1.64	-1.49	-1.42	-1.52	-1.68	-1.89	-2.07	-2.17	-2.28	-2.39	-2.48	-2.54	-2.41	-2.25	-2.28	-2.28	-2.27	-2.35	-2.43	-2.47	-2.58	-2.78	-2.74	-2.39	-2.30	-2.38	-2.15	-1.99	-2.07	-2.13	-2.08	-1.97	-2.18	-2.40	-2.25	-2.39	-2.59	-2.56	
-8.28	-8.32	-8.03	-8.01	-8.31	-8.62	-8.94	-9.09	-8.75	-8.38	-8.36	-8.10	-7.70	-7.54	-7.30	-7.10	-7.00	-6.76	-6.55	-6.51	-6.60	-6.60	-6.37	-6.14	-5.98	-5.84	-5.64	-5.49	-5.54	-5.39	-5.00	-4.70	-4.34	-4.04	-3.93	-3.83	-3.93	-4.17	-4.18	-4.05	-3.92	-3.71	-3.49	-3.39	-3.35	-3.32	-3.21	-3.07	-2.83	-2.59	-2.46	-2.32	-2.25	-2.39	-2.53	-2.67	-2.75	-2.55	-2.30	-2.14	-2.05	-2.03	-1.90	-1.71	-1.64	-1.68	-1.84	-1.98	-2.15	-2.36	-2.49	-2.63	-2.74	-2.81	-2.86	-2.75	-2.64	-2.71	-2.72	-2.72	-2.82	-2.81	-2.77	-2.92	-3.16	-3.17	-2.89	-2.70	-2.69	-2.48	-2.32	-2.39	-2.38	-2.36	-2.28	-2.19	-2.28	-2.35	-2.43	-2.46	-2.58	
-7.82	-8.14	-8.32	-8.28	-8.21	-8.27	-8.49	-8.65	-8.51	-8.33	-8.48	-8.41	-7.99	-7.63	-7.36	-7.25	-7.10	-6.96	-6.95	-6.84	-6.94	-6.85	-6.26	-6.08	-6.13	-5.91	-5.81	-5.79	-5.71	-5.43	-4.99	-4.57	-4.01	-3.69	-3.73	-3.69	-3.93	-4.38	-4.30	-3.85	-3.57	-3.57	-3.45	-3.13	-3.06	-3.15	-3.01	-2.81	-2.69	-2.55	-2.43	-2.35	-2.37	-2.52	-2.63	-2.74	-2.73	-2.52	-2.38	-2.20	-2.00	-2.01	-1.99	-1.84	-1.76	-1.82	-1.96	-2.07	-2.24	-2.47	-2.58	-2.72	-2.92	-2.98	-2.96	-2.85	-2.75	-2.77	-2.78	-2.80	-2.86	-2.82	-2.82	-2.97	-3.12	-3.24	-3.17	-2.94	-2.82	-2.65	-2.49	-2.54	-2.64	-2.74	-2.60	-2.28	-2.32	-2.57	-2.70	-2.73	-2.82	
-7.96	-8.18	-8.05	-7.70	-7.59	-7.94	-8.08	-7.92	-7.99	-8.16	-8.25	-8.16	-7.84	-7.44	-7.24	-7.28	-7.21	-7.25	-7.30	-6.96	-6.97	-6.85	-6.07	-6.03	-6.32	-6.05	-5.96	-5.96	-5.73	-5.36	-4.96	-4.61	-4.09	-3.76	-3.71	-3.64	-4.05	-4.60	-4.38	-3.75	-3.35	-3.38	-3.42	-3.11	-3.02	-3.10	-2.85	-2.65	-2.60	-2.46	-2.41	-2.46	-2.54	-2.68	-2.67	-2.60	-2.53	-2.39	-2.29	-2.14	-1.96	-1.94	-2.01	-2.01	-1.92	-1.94	-2.10	-2.19	-2.36	-2.64	-2.73	-2.85	-2.99	-2.93	-2.87	-2.89	-2.85	-2.79	-2.76	-2.74	-2.74	-2.74	-2.82	-2.91	-2.92	-3.08	-3.20	-3.03	-2.92	-2.82	-2.64	-2.60	-2.65	-2.75	-2.67	-2.38	-2.41	-2.59	-2.65	-2.79	-2.88	
-7.96	-7.94	-7.57	-7.41	-7.48	-7.74	-7.63	-7.27	-7.40	-7.61	-7.60	-7.49	-7.33	-7.18	-7.02	-6.95	-6.92	-7.00	-7.00	-6.61	-6.42	-6.28	-5.90	-6.11	-6.38	-6.07	-5.77	-5.52	-5.31	-4.98	-4.61	-4.48	-4.06	-3.71	-3.66	-3.40	-3.65	-4.24	-4.07	-3.61	-3.29	-3.17	-3.21	-3.07	-3.07	-3.19	-2.96	-2.76	-2.65	-2.43	-2.45	-2.49	-2.46	-2.62	-2.65	-2.55	-2.53	-2.47	-2.29	-2.10	-2.02	-2.03	-2.09	-2.19	-2.17	-2.17	-2.33	-2.37	-2.41	-2.57	-2.66	-2.73	-2.67	-2.42	-2.41	-2.65	-2.81	-2.77	-2.64	-2.59	-2.68	-2.78	-2.85	-2.83	-2.76	-2.86	-3.03	-2.99	-2.88	-2.82	-2.82	-2.79	-2.63	-2.58	-2.66	-2.52	-2.42	-2.50	-2.54	-2.60	-2.53	
-7.76	-7.60	-7.47	-7.53	-7.41	-7.27	-6.98	-6.74	-6.92	-6.94	-6.98	-7.12	-6.96	-6.79	-6.67	-6.50	-6.46	-6.48	-6.43	-6.20	-5.93	-5.82	-5.84	-5.99	-5.90	-5.57	-5.19	-4.76	-4.54	-4.30	-4.00	-3.96	-3.69	-3.47	-3.51	-3.26	-3.45	-3.94	-3.76	-3.42	-3.13	-2.93	-3.02	-2.93	-2.97	-3.23	-3.03	-2.77	-2.73	-2.57	-2.50	-2.49	-2.43	-2.55	-2.71	-2.80	-2.77	-2.60	-2.42	-2.27	-2.22	-2.25	-2.23	-2.23	-2.24	-2.32	-2.48	-2.44	-2.36	-2.39	-2.36	-2.33	-2.20	-2.07	-2.22	-2.53	-2.74	-2.70	-2.49	-2.46	-2.56	-2.64	-2.77	-2.79	-2.69	-2.61	-2.73	-2.87	-2.84	-2.79	-2.85	-2.88	-2.74	-2.71	-2.92	-2.92	-2.71	-2.68	-2.72	-2.59	-2.24	
-7.72	-7.49	-7.44	-7.30	-6.93	-6.74	-6.47	-6.35	-6.52	-6.37	-6.36	-6.64	-6.52	-6.42	-6.47	-6.15	-5.90	-6.13	-6.27	-5.89	-5.48	-5.42	-5.43	-5.31	-5.03	-4.82	-4.73	-4.46	-4.17	-3.98	-3.70	-3.49	-3.35	-3.23	-3.20	-3.32	-3.67	-3.71	-3.41	-3.32	-3.10	-2.94	-3.14	-2.99	-2.82	-3.01	-2.92	-2.75	-2.81	-2.67	-2.50	-2.50	-2.47	-2.49	-2.60	-2.69	-2.66	-2.49	-2.38	-2.37	-2.37	-2.33	-2.23	-2.14	-2.13	-2.21	-2.35	-2.32	-2.27	-2.21	-2.10	-1.99	-1.87	-1.92	-2.21	-2.39	-2.49	-2.42	-2.32	-2.44	-2.43	-2.40	-2.60	-2.76	-2.74	-2.60	-2.55	-2.62	-2.64	-2.71	-2.71	-2.60	-2.67	-2.89	-3.13	-3.20	-3.01	-2.94	-2.96	-2.84	-2.53	
-7.61	-7.47	-7.39	-6.97	-6.39	-6.13	-6.01	-6.03	-6.24	-6.18	-6.11	-6.21	-6.16	-6.15	-6.20	-5.76	-5.46	-5.88	-5.99	-5.34	-4.78	-4.68	-4.62	-4.42	-4.19	-4.05	-4.12	-4.14	-3.99	-3.88	-3.65	-3.40	-3.31	-3.10	-2.92	-3.27	-3.53	-3.24	-3.14	-3.29	-3.15	-3.08	-3.17	-2.99	-2.76	-2.71	-2.67	-2.63	-2.53	-2.39	-2.35	-2.35	-2.27	-2.29	-2.34	-2.29	-2.33	-2.34	-2.22	-2.22	-2.27	-2.24	-2.25	-2.24	-2.10	-2.03	-2.10	-2.14	-2.16	-2.07	-1.92	-1.85	-1.74	-1.78	-1.98	-2.09	-2.28	-2.33	-2.26	-2.40	-2.40	-2.34	-2.46	-2.59	-2.70	-2.66	-2.53	-2.48	-2.41	-2.47	-2.55	-2.50	-2.64	-2.89	-3.08	-3.14	-3.00	-2.91	-2.84	-2.82	-2.82	
-7.19	-7.24	-7.20	-6.73	-6.05	-5.73	-5.77	-5.89	-6.00	-6.03	-5.92	-5.95	-5.98	-5.85	-5.66	-5.41	-5.42	-5.57	-5.14	-4.47	-4.17	-4.09	-4.10	-3.97	-3.74	-3.61	-3.56	-3.60	-3.64	-3.54	-3.39	-3.30	-3.21	-2.97	-2.81	-2.99	-2.99	-2.82	-3.02	-3.14	-3.03	-3.09	-2.98	-2.74	-2.59	-2.38	-2.40	-2.42	-2.21	-2.14	-2.09	-1.97	-1.99	-2.16	-2.28	-2.21	-2.14	-2.15	-2.14	-2.14	-2.16	-2.17	-2.21	-2.15	-1.97	-1.92	-2.00	-2.06	-2.10	-2.03	-1.89	-1.82	-1.77	-1.76	-1.68	-1.71	-2.15	-2.35	-2.21	-2.27	-2.34	-2.28	-2.28	-2.33	-2.44	-2.48	-2.46	-2.54	-2.57	-2.59	-2.69	-2.77	-2.78	-2.76	-2.79	-2.82	-2.82	-2.82	-2.68	-2.69	-2.78	
-6.58	-6.65	-6.74	-6.32	-5.67	-5.53	-5.73	-5.85	-5.96	-5.92	-5.62	-5.57	-5.55	-5.28	-5.13	-4.99	-4.92	-4.82	-4.24	-3.84	-3.77	-3.64	-3.65	-3.59	-3.43	-3.46	-3.41	-3.35	-3.32	-3.17	-3.07	-2.96	-2.84	-2.84	-2.69	-2.59	-2.59	-2.44	-2.53	-2.78	-2.85	-2.85	-2.64	-2.44	-2.26	-2.03	-2.07	-2.05	-1.98	-2.09	-1.92	-1.72	-1.89	-2.06	-2.07	-1.98	-1.88	-1.89	-2.03	-2.11	-2.14	-2.14	-2.05	-1.96	-1.89	-1.90	-2.03	-2.07	-2.07	-2.03	-1.92	-1.82	-1.78	-1.71	-1.49	-1.55	-2.09	-2.32	-2.13	-2.13	-2.22	-2.10	-2.03	-2.17	-2.33	-2.37	-2.39	-2.49	-2.65	-2.75	-2.78	-2.85	-2.82	-2.63	-2.57	-2.65	-2.81	-2.83	-2.60	-2.57	-2.66	
-5.80	-5.84	-6.06	-5.85	-5.43	-5.52	-5.82	-5.86	-5.92	-5.85	-5.48	-5.29	-5.02	-4.65	-4.61	-4.39	-4.13	-4.10	-3.76	-3.49	-3.47	-3.38	-3.37	-3.35	-3.31	-3.28	-3.18	-3.09	-2.90	-2.78	-2.78	-2.42	-2.21	-2.45	-2.24	-1.87	-2.02	-2.00	-2.00	-2.36	-2.49	-2.32	-2.09	-1.98	-1.96	-1.85	-1.71	-1.66	-1.75	-1.82	-1.75	-1.76	-1.79	-1.83	-1.83	-1.72	-1.69	-1.81	-1.90	-1.92	-2.03	-2.03	-1.88	-1.93	-1.95	-1.90	-1.99	-2.02	-2.01	-1.98	-1.89	-1.82	-1.78	-1.74	-1.68	-1.77	-2.08	-2.25	-2.20	-2.10	-2.03	-1.90	-1.84	-2.04	-2.17	-2.17	-2.28	-2.42	-2.55	-2.63	-2.60	-2.67	-2.68	-2.42	-2.29	-2.49	-2.71	-2.67	-2.46	-2.37	-2.50	
-5.13	-5.05	-5.21	-5.43	-5.43	-5.34	-5.43	-5.60	-5.76	-5.84	-5.53	-5.01	-4.46	-4.10	-4.03	-3.78	-3.66	-3.74	-3.49	-3.35	-3.44	-3.40	-3.31	-3.17	-3.09	-2.99	-2.83	-2.74	-2.57	-2.49	-2.44	-2.05	-1.86	-2.07	-1.89	-1.51	-1.57	-1.67	-1.67	-1.83	-1.89	-1.75	-1.61	-1.62	-1.82	-1.74	-1.31	-1.26	-1.59	-1.49	-1.41	-1.59	-1.55	-1.60	-1.77	-1.72	-1.65	-1.68	-1.68	-1.66	-1.82	-1.92	-1.82	-1.89	-1.90	-1.90	-1.99	-1.97	-2.04	-1.97	-1.78	-1.76	-1.74	-1.82	-1.92	-1.89	-1.88	-2.02	-2.21	-2.07	-1.76	-1.73	-1.83	-1.97	-2.02	-2.03	-2.24	-2.39	-2.42	-2.48	-2.51	-2.55	-2.57	-2.42	-2.31	-2.53	-2.60	-2.45	-2.47	-2.42	-2.33	
-4.67	-4.46	-4.40	-4.86	-5.17	-4.92	-4.96	-5.32	-5.49	-5.61	-5.28	-4.55	-4.00	-3.69	-3.56	-3.46	-3.47	-3.55	-3.40	-3.38	-3.36	-3.20	-3.14	-2.95	-2.77	-2.74	-2.60	-2.43	-2.32	-2.24	-2.06	-1.85	-1.85	-1.84	-1.65	-1.47	-1.51	-1.52	-1.41	-1.49	-1.53	-1.36	-1.32	-1.39	-1.53	-1.48	-1.03	-0.91	-1.32	-1.32	-1.10	-1.15	-1.23	-1.34	-1.45	-1.53	-1.53	-1.46	-1.46	-1.47	-1.64	-1.79	-1.73	-1.77	-1.80	-1.86	-1.92	-1.89	-1.99	-1.92	-1.78	-1.77	-1.71	-1.84	-1.92	-1.81	-1.79	-1.85	-2.07	-2.04	-1.67	-1.67	-1.93	-2.01	-2.00	-2.06	-2.17	-2.20	-2.14	-2.24	-2.44	-2.50	-2.51	-2.45	-2.34	-2.45	-2.46	-2.35	-2.49	-2.49	-2.35	
-4.33	-4.32	-4.15	-4.22	-4.25	-4.14	-4.63	-5.13	-5.05	-5.05	-4.84	-4.36	-4.09	-3.56	-3.27	-3.39	-3.28	-3.34	-3.39	-3.28	-3.17	-3.03	-2.99	-2.85	-2.67	-2.66	-2.45	-2.14	-1.99	-1.86	-1.65	-1.53	-1.60	-1.59	-1.33	-1.10	-1.20	-1.32	-1.30	-1.40	-1.37	-1.23	-1.33	-1.24	-1.02	-1.02	-0.82	-0.72	-1.03	-1.07	-0.87	-0.87	-1.03	-1.18	-1.22	-1.32	-1.38	-1.26	-1.24	-1.33	-1.53	-1.63	-1.53	-1.65	-1.74	-1.74	-1.81	-1.76	-1.80	-1.83	-1.85	-1.81	-1.73	-1.88	-1.83	-1.71	-1.81	-1.78	-1.90	-2.00	-1.64	-1.57	-1.92	-2.06	-2.09	-2.09	-2.02	-1.99	-1.99	-2.11	-2.40	-2.58	-2.64	-2.54	-2.35	-2.32	-2.29	-2.32	-2.35	-2.25	-2.27	
-3.99	-4.08	-3.95	-3.78	-3.63	-3.61	-4.18	-4.62	-4.41	-4.36	-4.28	-4.10	-4.11	-3.36	-2.83	-3.12	-3.00	-3.05	-3.22	-3.00	-3.01	-3.04	-2.93	-2.77	-2.54	-2.42	-2.17	-1.84	-1.64	-1.55	-1.53	-1.48	-1.39	-1.39	-1.30	-1.01	-0.93	-1.06	-1.13	-1.21	-1.17	-1.19	-1.35	-1.14	-0.92	-0.84	-0.53	-0.46	-0.74	-0.71	-0.57	-0.64	-0.81	-1.06	-1.17	-1.17	-1.26	-1.22	-1.12	-1.22	-1.41	-1.41	-1.36	-1.52	-1.53	-1.52	-1.68	-1.68	-1.67	-1.78	-1.90	-1.94	-1.92	-1.95	-1.86	-1.82	-1.89	-1.83	-1.93	-2.03	-1.69	-1.53	-1.73	-1.84	-1.98	-2.05	-1.89	-1.84	-1.93	-2.14	-2.33	-2.41	-2.55	-2.55	-2.46	-2.43	-2.25	-2.18	-2.14	-2.07	-2.23	
-3.82	-3.67	-3.53	-3.56	-3.73	-3.73	-3.73	-3.82	-3.58	-3.39	-3.23	-3.07	-3.35	-3.08	-2.58	-2.71	-2.74	-2.85	-2.91	-2.72	-2.89	-3.01	-2.88	-2.60	-2.20	-1.99	-1.81	-1.46	-1.28	-1.32	-1.41	-1.50	-1.43	-1.24	-1.16	-1.05	-0.91	-0.83	-0.82	-0.93	-0.99	-0.96	-0.92	-0.87	-0.88	-0.73	-0.38	-0.24	-0.42	-0.48	-0.42	-0.58	-0.79	-0.94	-0.96	-0.90	-1.11	-1.19	-1.07	-1.21	-1.29	-1.24	-1.30	-1.33	-1.33	-1.39	-1.53	-1.57	-1.62	-1.81	-1.92	-1.98	-1.98	-1.92	-1.93	-1.83	-1.67	-1.66	-1.81	-1.96	-1.81	-1.53	-1.39	-1.35	-1.59	-1.82	-1.73	-1.64	-1.70	-1.94	-2.16	-2.14	-2.21	-2.25	-2.24	-2.32	-2.25	-2.13	-1.98	-1.95	-2.09	
-3.65	-3.42	-3.21	-3.23	-3.39	-3.36	-3.12	-3.10	-2.92	-2.59	-2.43	-2.30	-2.66	-3.05	-2.71	-2.38	-2.48	-2.66	-2.66	-2.67	-2.86	-2.86	-2.59	-2.14	-1.71	-1.50	-1.44	-1.27	-1.21	-1.28	-1.17	-1.17	-1.30	-1.12	-0.92	-0.92	-0.89	-0.76	-0.67	-0.72	-0.74	-0.72	-0.70	-0.68	-0.56	-0.32	-0.22	-0.21	-0.25	-0.34	-0.35	-0.65	-0.86	-0.76	-0.78	-0.84	-1.00	-1.04	-0.96	-1.12	-1.13	-1.17	-1.27	-1.14	-1.24	-1.40	-1.46	-1.46	-1.43	-1.60	-1.69	-1.63	-1.65	-1.79	-1.99	-1.89	-1.61	-1.54	-1.59	-1.63	-1.53	-1.28	-1.13	-1.17	-1.48	-1.78	-1.77	-1.69	-1.66	-1.76	-1.99	-2.00	-1.92	-1.92	-1.99	-2.09	-2.13	-2.07	-1.91	-1.79	-1.81	
-3.26	-3.07	-2.92	-2.99	-3.06	-2.98	-2.75	-2.72	-2.61	-2.29	-2.32	-2.44	-2.69	-3.04	-2.73	-2.36	-2.57	-2.64	-2.69	-2.85	-2.67	-2.42	-2.08	-1.68	-1.42	-1.14	-1.10	-1.10	-1.06	-1.25	-1.12	-0.87	-0.96	-0.92	-0.79	-0.78	-0.82	-0.70	-0.53	-0.48	-0.41	-0.46	-0.47	-0.35	-0.28	-0.17	-0.14	-0.24	-0.32	-0.35	-0.43	-0.77	-0.81	-0.55	-0.59	-0.67	-0.82	-0.93	-0.90	-0.99	-0.98	-1.07	-1.10	-0.97	-1.10	-1.23	-1.36	-1.37	-1.21	-1.44	-1.54	-1.28	-1.25	-1.47	-1.82	-2.10	-1.96	-1.55	-1.35	-1.37	-1.41	-1.42	-1.45	-1.51	-1.62	-1.75	-1.75	-1.74	-1.80	-1.79	-1.93	-2.09	-2.01	-1.96	-1.97	-1.97	-1.96	-1.91	-1.82	-1.70	-1.65	
-3.01	-2.81	-2.77	-2.78	-2.84	-2.85	-2.59	-2.46	-2.39	-2.20	-2.28	-2.44	-2.65	-2.97	-2.78	-2.55	-2.66	-2.53	-2.57	-2.56	-2.03	-1.71	-1.45	-1.39	-1.42	-1.08	-1.14	-1.10	-0.81	-1.07	-1.07	-0.79	-0.78	-0.74	-0.67	-0.57	-0.66	-0.71	-0.38	-0.24	-0.32	-0.32	-0.29	-0.28	-0.38	-0.28	-0.11	-0.21	-0.28	-0.38	-0.64	-0.80	-0.61	-0.43	-0.49	-0.53	-0.72	-0.89	-0.85	-0.92	-0.97	-0.95	-0.90	-0.96	-1.14	-1.17	-1.33	-1.35	-1.25	-1.62	-1.67	-1.24	-1.23	-1.46	-1.59	-1.78	-1.69	-1.21	-1.15	-1.47	-1.78	-1.98	-1.95	-1.89	-1.81	-1.71	-1.71	-1.74	-1.83	-1.79	-1.84	-2.04	-2.12	-2.17	-2.07	-1.92	-1.89	-1.76	-1.62	-1.49	-1.46	
-2.73	-2.60	-2.68	-2.35	-2.17	-2.46	-2.45	-2.23	-2.04	-2.03	-2.18	-2.07	-2.12	-2.73	-2.95	-2.65	-2.49	-2.45	-2.39	-2.05	-1.60	-1.37	-1.05	-1.17	-1.29	-0.95	-1.16	-1.11	-0.77	-0.98	-0.92	-0.92	-0.92	-0.53	-0.47	-0.48	-0.49	-0.71	-0.39	-0.13	-0.45	-0.41	-0.16	-0.35	-0.49	-0.25	-0.03	-0.10	-0.18	-0.39	-0.74	-0.74	-0.49	-0.41	-0.54	-0.70	-0.78	-0.83	-0.89	-0.96	-0.92	-0.79	-0.72	-0.92	-1.17	-1.19	-1.34	-1.43	-1.46	-1.78	-1.80	-1.46	-1.49	-1.76	-1.72	-1.55	-1.28	-0.89	-1.09	-1.52	-1.77	-1.90	-1.82	-1.85	-1.84	-1.69	-1.70	-1.73	-1.78	-1.71	-1.69	-1.78	-1.86	-2.07	-1.99	-1.81	-1.78	-1.62	-1.43	-1.29	-1.30	
-2.39	-2.36	-2.60	-2.30	-1.87	-2.07	-2.30	-2.18	-1.82	-1.80	-2.14	-2.08	-1.88	-2.21	-2.62	-2.47	-2.25	-2.22	-1.93	-1.52	-1.35	-1.32	-1.11	-1.15	-1.25	-1.17	-1.31	-1.16	-0.85	-0.81	-0.74	-1.17	-1.36	-0.52	-0.17	-0.45	-0.38	-0.48	-0.41	-0.07	-0.41	-0.51	-0.10	-0.19	-0.32	-0.19	-0.16	-0.24	-0.25	-0.43	-0.73	-0.64	-0.50	-0.51	-0.62	-0.82	-0.82	-0.85	-0.94	-0.89	-0.77	-0.63	-0.55	-0.71	-1.00	-1.15	-1.26	-1.40	-1.56	-1.74	-1.78	-1.70	-1.63	-1.66	-1.71	-1.72	-1.46	-1.00	-1.11	-1.40	-1.47	-1.55	-1.54	-1.64	-1.60	-1.44	-1.55	-1.78	-1.92	-1.73	-1.58	-1.62	-1.61	-1.69	-1.66	-1.67	-1.73	-1.55	-1.32	-1.16	-1.21	
-2.19	-2.10	-2.15	-2.13	-1.80	-1.70	-1.92	-2.14	-1.94	-1.78	-1.96	-2.12	-2.03	-1.93	-2.14	-2.06	-1.89	-1.87	-1.57	-1.35	-1.20	-1.15	-1.13	-0.85	-1.03	-1.38	-1.31	-1.24	-0.97	-0.48	-0.53	-1.07	-1.28	-0.67	-0.04	-0.21	-0.27	-0.24	-0.28	 0.04	-0.09	-0.33	-0.24	-0.37	-0.28	-0.07	-0.26	-0.48	-0.37	-0.45	-0.69	-0.47	-0.43	-0.63	-0.67	-0.79	-0.88	-0.92	-0.82	-0.71	-0.64	-0.47	-0.39	-0.50	-0.79	-1.08	-1.17	-1.26	-1.49	-1.67	-1.69	-1.67	-1.59	-1.47	-1.46	-1.58	-1.53	-1.29	-1.27	-1.40	-1.49	-1.58	-1.57	-1.58	-1.42	-1.26	-1.37	-1.57	-1.75	-1.57	-1.33	-1.34	-1.26	-1.17	-1.22	-1.46	-1.64	-1.62	-1.48	-1.28	-1.20	
-1.89	-1.67	-1.43	-1.60	-1.70	-1.63	-1.71	-2.01	-2.09	-2.02	-1.89	-1.88	-2.01	-2.07	-2.10	-1.67	-1.32	-1.43	-1.43	-1.45	-1.12	-0.92	-0.96	-0.55	-0.79	-1.17	-0.85	-1.06	-1.07	-0.45	-0.60	-0.94	-0.84	-0.64	-0.25	-0.09	-0.11	-0.08	-0.06	-0.03	-0.22	-0.21	-0.21	-0.46	-0.30	 0.01	-0.10	-0.42	-0.38	-0.39	-0.61	-0.45	-0.50	-0.75	-0.78	-0.89	-0.92	-0.88	-0.71	-0.62	-0.54	-0.31	-0.21	-0.24	-0.54	-0.94	-1.07	-1.16	-1.35	-1.53	-1.51	-1.47	-1.50	-1.42	-1.33	-1.32	-1.30	-1.31	-1.35	-1.43	-1.57	-1.64	-1.68	-1.65	-1.40	-1.26	-1.29	-1.23	-1.20	-1.15	-1.07	-1.08	-1.03	-0.93	-1.02	-1.25	-1.46	-1.67	-1.74	-1.60	-1.42	
-1.49	-1.36	-1.16	-1.32	-1.58	-1.68	-1.64	-1.68	-1.67	-1.74	-1.64	-1.39	-1.52	-1.70	-1.78	-1.42	-1.00	-1.02	-1.14	-1.25	-0.94	-0.75	-0.91	-0.69	-0.70	-0.87	-0.71	-0.80	-0.95	-0.60	-0.28	-0.36	-0.36	-0.29	-0.35	-0.20	 0.01	-0.01	 0.03	-0.16	-0.42	-0.21	-0.26	-0.42	-0.20	-0.05	-0.13	-0.42	-0.42	-0.34	-0.57	-0.55	-0.67	-0.90	-0.92	-0.92	-0.80	-0.69	-0.60	-0.46	-0.34	-0.20	-0.17	-0.21	-0.48	-0.79	-0.96	-1.10	-1.25	-1.37	-1.32	-1.34	-1.52	-1.41	-1.25	-1.23	-1.17	-1.20	-1.26	-1.35	-1.49	-1.64	-1.79	-1.72	-1.43	-1.26	-1.24	-1.09	-0.87	-0.83	-0.88	-0.91	-0.96	-1.02	-1.14	-1.24	-1.32	-1.54	-1.75	-1.85	-1.74	
-0.83	-0.85	-0.88	-1.09	-1.24	-1.35	-1.35	-1.30	-1.14	-1.08	-1.01	-0.96	-1.22	-1.24	-1.24	-1.32	-1.17	-1.10	-1.11	-1.18	-1.14	-0.91	-0.81	-0.74	-0.48	-0.40	-0.73	-0.69	-0.60	-0.65	-0.14	-0.06	-0.25	-0.00	-0.17	-0.24	 0.11	 0.10	-0.07	-0.44	-0.43	-0.05	-0.29	-0.37	-0.10	-0.07	-0.21	-0.56	-0.46	-0.30	-0.61	-0.70	-0.77	-0.92	-0.84	-0.70	-0.54	-0.40	-0.35	-0.28	-0.17	-0.17	-0.28	-0.41	-0.57	-0.71	-0.91	-1.02	-1.14	-1.30	-1.17	-1.16	-1.40	-1.35	-1.18	-1.17	-1.17	-1.18	-1.16	-1.27	-1.56	-1.73	-1.69	-1.51	-1.32	-1.20	-1.10	-0.94	-0.72	-0.70	-0.75	-0.72	-0.81	-0.96	-1.14	-1.28	-1.34	-1.39	-1.51	-1.68	-1.61	
-0.04	-0.13	-0.35	-0.81	-0.87	-0.92	-0.96	-0.99	-1.04	-0.81	-0.46	-0.64	-1.15	-1.07	-0.92	-1.01	-1.06	-1.31	-1.38	-1.46	-1.76	-1.57	-1.17	-1.26	-1.09	-0.52	-0.53	-0.67	-0.49	-0.57	-0.54	-0.46	-0.43	-0.07	-0.07	-0.16	 0.09	 0.26	 0.18	-0.27	-0.32	-0.06	-0.18	-0.11	-0.06	-0.11	-0.23	-0.57	-0.53	-0.44	-0.62	-0.80	-0.91	-0.85	-0.68	-0.51	-0.28	-0.07	-0.11	-0.21	-0.12	-0.16	-0.27	-0.42	-0.58	-0.68	-0.87	-0.89	-0.93	-1.06	-0.99	-1.03	-1.17	-1.16	-1.09	-1.08	-1.11	-1.10	-1.08	-1.26	-1.53	-1.49	-1.30	-1.14	-1.08	-1.11	-1.03	-0.87	-0.74	-0.72	-0.74	-0.72	-0.78	-0.83	-0.99	-1.27	-1.39	-1.28	-1.17	-1.25	-1.25	
 0.06	 0.01	-0.19	-0.80	-0.74	-0.63	-0.66	-0.67	-0.91	-0.69	-0.26	-0.49	-0.99	-1.06	-1.08	-1.10	-1.10	-1.40	-1.42	-1.49	-1.87	-1.80	-1.59	-1.63	-1.71	-1.32	-0.71	-0.78	-0.78	-0.65	-0.74	-0.50	-0.30	-0.30	-0.28	-0.14	 0.11	 0.16	 0.18	-0.03	-0.29	-0.36	-0.32	-0.08	 0.01	-0.08	-0.33	-0.53	-0.53	-0.60	-0.55	-0.72	-0.88	-0.68	-0.57	-0.31	-0.00	 0.08	-0.03	-0.12	-0.07	-0.17	-0.21	-0.32	-0.54	-0.65	-0.78	-0.79	-0.80	-0.72	-0.71	-0.97	-1.05	-0.99	-0.99	-1.04	-1.06	-1.01	-1.14	-1.32	-1.24	-1.03	-0.98	-0.95	-0.97	-1.10	-1.00	-0.88	-0.89	-0.92	-0.93	-0.93	-0.93	-0.88	-0.96	-1.17	-1.24	-1.18	-1.13	-1.10	-1.06	
-0.53	-0.34	-0.18	-0.86	-0.92	-0.59	-0.53	-0.60	-0.82	-0.68	-0.48	-0.53	-0.68	-0.87	-0.98	-0.99	-1.04	-1.26	-1.29	-1.38	-1.62	-1.60	-1.66	-1.50	-1.51	-1.77	-1.29	-1.14	-1.17	-0.75	-0.72	-0.61	-0.40	-0.35	-0.38	-0.18	 0.26	 0.07	-0.17	-0.15	-0.28	-0.26	-0.28	-0.30	-0.07	 0.01	-0.32	-0.39	-0.35	-0.57	-0.50	-0.55	-0.60	-0.39	-0.26	 0.05	 0.15	 0.02	-0.01	-0.06	-0.14	-0.26	-0.21	-0.25	-0.42	-0.49	-0.58	-0.62	-0.64	-0.54	-0.57	-0.84	-0.93	-1.00	-1.03	-1.01	-0.98	-0.93	-1.17	-1.27	-1.00	-0.85	-0.81	-0.75	-0.86	-0.97	-0.85	-0.80	-0.89	-1.02	-1.14	-1.14	-1.14	-1.12	-1.03	-1.03	-1.07	-1.14	-1.27	-1.24	-1.21	                                                                                                                                                                                                                                                                                                                                                                                                                                                                                                                  